{
 "cells": [
  {
   "cell_type": "code",
   "execution_count": 1,
   "id": "200360fc",
   "metadata": {},
   "outputs": [
    {
     "name": "stdout",
     "output_type": "stream",
     "text": [
      "System: uname_result(system='Linux', node='sharmagroup-rn', release='6.17.0-35-generic', version='#35~24.04.1-Ubuntu SMP PREEMPT_DYNAMIC Tue May 26 19:30:42 UTC 2', machine='x86_64')  Threads 16\n",
      "Python 3.12.13 | packaged by Anaconda, Inc. | (main, Mar 19 2026, 20:20:58) [GCC 14.3.0]\n",
      "numpy 2.4.4  scipy 1.17.1  h5py 3.16.0\n",
      "Date: Wed Jun  3 15:01:19 2026\n",
      "PySCF version 2.12.1\n",
      "PySCF path  /home/sharmagroup/sharmagroup/pyscf\n",
      "GIT ORIG_HEAD 3d1768f5e33b144b606c3d2c81c12ee54d794501\n",
      "GIT HEAD (branch master) f0861da51f017364d8bbaa20b742a94f3733305f\n",
      "\n",
      "[ENV] OLD_PYSCF_EXT_PATH /home/sharmagroup/sharmagroup/pyscf-forge:\n",
      "[ENV] PYSCF_EXT_PATH /home/sharmagroup/sharmagroup/pyscf-forge:/home/sharmagroup/sharmagroup/pyscf-forge:\n",
      "[CONFIG] conf_file None\n",
      "[INPUT] verbose = 4\n",
      "[INPUT] num. atoms = 2\n",
      "[INPUT] num. electrons = 16\n",
      "[INPUT] charge = 0\n",
      "[INPUT] spin (= nelec alpha-beta = 2S) = 2\n",
      "[INPUT] symmetry 0 subgroup None\n",
      "[INPUT] Mole.unit = B\n",
      "[INPUT] Symbol           X                Y                Z      unit          X                Y                Z       unit  Magmom\n",
      "[INPUT]  1 O      0.000000000000   0.000000000000   0.000000000000 AA    0.000000000000   0.000000000000   0.000000000000 Bohr   0.0\n",
      "[INPUT]  2 O      1.058354421840   0.000000000000   0.000000000000 AA    2.000000000000   0.000000000000   0.000000000000 Bohr   0.0\n",
      "\n",
      "nuclear repulsion = 32\n",
      "number of shells = 6\n",
      "number of NR pGTOs = 60\n",
      "number of NR cGTOs = 10\n",
      "basis = sto6g\n",
      "ecp = {}\n",
      "CPU time:         2.19\n",
      "\n",
      "\n",
      "******** <class 'pyscf.scf.rohf.ROHF'> ********\n",
      "method = ROHF\n",
      "initial guess = minao\n",
      "damping factor = 0\n",
      "level_shift factor = 0\n",
      "DIIS = <class 'pyscf.scf.diis.CDIIS'>\n",
      "diis_start_cycle = 1\n",
      "diis_space = 8\n",
      "diis_damp = 0\n",
      "SCF conv_tol = 1e-09\n",
      "SCF conv_tol_grad = None\n",
      "SCF max_cycles = 50\n",
      "direct_scf = True\n",
      "direct_scf_tol = 1e-13\n",
      "chkfile to save SCF result = /tmp/tmpz6fq03vi\n",
      "max_memory 40000 MB (current use 155 MB)\n",
      "num. doubly occ = 7  num. singly occ = 2\n",
      "Set gradient conv threshold to 3.16228e-05\n",
      "init E= -149.699418977121\n",
      "  HOMO = -0.0637978180695585  LUMO = 0.857403619976194\n",
      "cycle= 1 E= -148.96232091016  delta_E= 0.737  |g|= 0.127  |ddm|=  1.8\n",
      "  HOMO = -0.0296533955182741  LUMO = 1.00639021734654\n",
      "cycle= 2 E= -148.965611682964  delta_E= -0.00329  |g|= 0.0226  |ddm|= 0.122\n",
      "  HOMO = -0.027470329487198  LUMO = 1.0106062441259\n",
      "cycle= 3 E= -148.965776317099  delta_E= -0.000165  |g|= 0.00275  |ddm|= 0.0319\n",
      "  HOMO = -0.0271228554825173  LUMO = 1.01105394908921\n",
      "cycle= 4 E= -148.965778538586  delta_E= -2.22e-06  |g|= 9.67e-07  |ddm|= 0.00417\n",
      "  HOMO = -0.0271236552910753  LUMO = 1.01105538526336\n",
      "cycle= 5 E= -148.965778538587  delta_E= -2.56e-13  |g|= 9.78e-10  |ddm|= 1.48e-06\n",
      "  HOMO = -0.0271236544485553  LUMO = 1.01105538371967\n",
      "Extra cycle  E= -148.965778538587  delta_E=    0  |g|= 2.1e-10  |ddm|= 1.15e-09\n",
      "converged SCF energy = -148.965778538587\n",
      "\n",
      "WARN: RCCSD method does not support ROHF method. ROHF object is converted to UHF object and UCCSD method is called.\n",
      "\n",
      "\n",
      "******** <class 'pyscf.cc.uccsd.UCCSD'> ********\n",
      "CC2 = 0\n",
      "CCSD nocc = (np.int64(7), np.int64(5)), nmo = (8, 8)\n",
      "frozen orbitals 2\n",
      "max_cycle = 50\n",
      "direct = 0\n",
      "conv_tol = 1e-07\n",
      "conv_tol_normt = 1e-06\n",
      "diis_space = 6\n",
      "diis_start_cycle = 0\n",
      "diis_start_energy_diff = 1e+09\n",
      "max_memory 40000 MB (current use 174 MB)\n",
      "Init t2, MP2 energy = -0.0640946289418179\n",
      "Init E_corr(UCCSD) = -0.0654481806282943\n",
      "cycle = 1  E_corr(UCCSD) = -0.0750182348319866  dE = -0.0095700542  norm(t1,t2) = 0.0304441\n",
      "cycle = 2  E_corr(UCCSD) = -0.076825691930878  dE = -0.0018074571  norm(t1,t2) = 0.0098983\n",
      "cycle = 3  E_corr(UCCSD) = -0.0776622449574143  dE = -0.000836553027  norm(t1,t2) = 0.00422612\n",
      "cycle = 4  E_corr(UCCSD) = -0.0776536654510587  dE = 8.57950636e-06  norm(t1,t2) = 0.000702288\n",
      "cycle = 5  E_corr(UCCSD) = -0.0776581109173345  dE = -4.44546628e-06  norm(t1,t2) = 0.000103733\n",
      "cycle = 6  E_corr(UCCSD) = -0.0776576096220053  dE = 5.01295329e-07  norm(t1,t2) = 1.51976e-05\n",
      "cycle = 7  E_corr(UCCSD) = -0.0776577776490053  dE = -1.68027e-07  norm(t1,t2) = 1.42116e-06\n",
      "cycle = 8  E_corr(UCCSD) = -0.0776577434354023  dE = 3.4213603e-08  norm(t1,t2) = 3.23035e-07\n",
      "UCCSD converged\n",
      "E(UCCSD) = -149.043436282022  E_corr = -0.07765774343540227\n"
     ]
    },
    {
     "data": {
      "text/plain": [
       "(np.float64(-0.07765774343540227),\n",
       " (array([[-1.28538440e-15],\n",
       "         [ 3.32812353e-02],\n",
       "         [-5.86348049e-17],\n",
       "         [ 1.68063665e-16],\n",
       "         [ 1.54547239e-15],\n",
       "         [ 2.05849151e-16],\n",
       "         [ 1.77133392e-16]]),\n",
       "  array([[ 2.11911985e-16, -7.33671522e-17, -1.28330229e-15],\n",
       "         [-6.00744002e-16,  6.42485014e-17, -1.59591218e-02],\n",
       "         [-9.94817927e-16, -6.37688442e-16, -1.36569265e-16],\n",
       "         [ 1.97692132e-15,  1.31189248e-15,  1.01888432e-16],\n",
       "         [ 5.01548293e-16,  5.05446521e-16, -1.07655515e-15]])),\n",
       " (array([[[[0.]],\n",
       "  \n",
       "          [[0.]],\n",
       "  \n",
       "          [[0.]],\n",
       "  \n",
       "          [[0.]],\n",
       "  \n",
       "          [[0.]],\n",
       "  \n",
       "          [[0.]],\n",
       "  \n",
       "          [[0.]]],\n",
       "  \n",
       "  \n",
       "         [[[0.]],\n",
       "  \n",
       "          [[0.]],\n",
       "  \n",
       "          [[0.]],\n",
       "  \n",
       "          [[0.]],\n",
       "  \n",
       "          [[0.]],\n",
       "  \n",
       "          [[0.]],\n",
       "  \n",
       "          [[0.]]],\n",
       "  \n",
       "  \n",
       "         [[[0.]],\n",
       "  \n",
       "          [[0.]],\n",
       "  \n",
       "          [[0.]],\n",
       "  \n",
       "          [[0.]],\n",
       "  \n",
       "          [[0.]],\n",
       "  \n",
       "          [[0.]],\n",
       "  \n",
       "          [[0.]]],\n",
       "  \n",
       "  \n",
       "         [[[0.]],\n",
       "  \n",
       "          [[0.]],\n",
       "  \n",
       "          [[0.]],\n",
       "  \n",
       "          [[0.]],\n",
       "  \n",
       "          [[0.]],\n",
       "  \n",
       "          [[0.]],\n",
       "  \n",
       "          [[0.]]],\n",
       "  \n",
       "  \n",
       "         [[[0.]],\n",
       "  \n",
       "          [[0.]],\n",
       "  \n",
       "          [[0.]],\n",
       "  \n",
       "          [[0.]],\n",
       "  \n",
       "          [[0.]],\n",
       "  \n",
       "          [[0.]],\n",
       "  \n",
       "          [[0.]]],\n",
       "  \n",
       "  \n",
       "         [[[0.]],\n",
       "  \n",
       "          [[0.]],\n",
       "  \n",
       "          [[0.]],\n",
       "  \n",
       "          [[0.]],\n",
       "  \n",
       "          [[0.]],\n",
       "  \n",
       "          [[0.]],\n",
       "  \n",
       "          [[0.]]],\n",
       "  \n",
       "  \n",
       "         [[[0.]],\n",
       "  \n",
       "          [[0.]],\n",
       "  \n",
       "          [[0.]],\n",
       "  \n",
       "          [[0.]],\n",
       "  \n",
       "          [[0.]],\n",
       "  \n",
       "          [[0.]],\n",
       "  \n",
       "          [[0.]]]]),\n",
       "  array([[[[ 2.17781140e-17, -3.03627513e-18, -2.44647134e-02]],\n",
       "  \n",
       "          [[-5.12498129e-17,  3.50747526e-17,  2.43263793e-16]],\n",
       "  \n",
       "          [[ 2.87180852e-02, -1.09367758e-02, -6.13088770e-17]],\n",
       "  \n",
       "          [[-1.09367758e-02, -2.87180852e-02, -2.74558949e-18]],\n",
       "  \n",
       "          [[-1.07342133e-16,  3.69574120e-17, -1.76878703e-02]]],\n",
       "  \n",
       "  \n",
       "         [[[-2.42670653e-17,  1.56367589e-17,  2.31167304e-16]],\n",
       "  \n",
       "          [[-1.07635172e-17,  3.97217620e-18, -1.90596038e-02]],\n",
       "  \n",
       "          [[-5.85046029e-16,  2.30402919e-16, -1.13349982e-17]],\n",
       "  \n",
       "          [[ 2.13198179e-16,  5.83845545e-16,  1.79124034e-18]],\n",
       "  \n",
       "          [[-6.39201515e-18,  7.11624372e-18,  1.35183108e-16]]],\n",
       "  \n",
       "  \n",
       "         [[[ 1.18167051e-02, -4.50018355e-03, -7.81420735e-17]],\n",
       "  \n",
       "          [[-7.90679684e-17,  1.56420705e-17, -8.78469964e-18]],\n",
       "  \n",
       "          [[ 2.28040955e-16, -8.25194377e-17, -1.50149446e-02]],\n",
       "  \n",
       "          [[-8.08237809e-17, -2.03115472e-16,  1.98808941e-18]],\n",
       "  \n",
       "          [[ 5.57239951e-03, -2.12214999e-03, -9.81081117e-17]]],\n",
       "  \n",
       "  \n",
       "         [[[-4.50018355e-03, -1.18167051e-02,  2.51613949e-18]],\n",
       "  \n",
       "          [[ 5.71250507e-17,  9.22441598e-17, -3.60717565e-18]],\n",
       "  \n",
       "          [[-2.16417774e-17, -1.41351122e-17,  1.39661981e-17]],\n",
       "  \n",
       "          [[ 1.07903702e-17,  1.99461206e-17, -1.50149446e-02]],\n",
       "  \n",
       "          [[-2.12214999e-03, -5.57239951e-03,  5.18437790e-18]]],\n",
       "  \n",
       "  \n",
       "         [[[-1.99705868e-17,  7.85779819e-18, -2.15256141e-02]],\n",
       "  \n",
       "          [[-9.08212527e-17,  8.24085282e-17,  9.20820290e-17]],\n",
       "  \n",
       "          [[ 5.52846056e-02, -2.10541662e-02, -8.44476824e-17]],\n",
       "  \n",
       "          [[-2.10541662e-02, -5.52846056e-02, -9.12506197e-18]],\n",
       "  \n",
       "          [[-2.33583085e-16,  8.26475177e-17, -4.18017432e-02]]],\n",
       "  \n",
       "  \n",
       "         [[[-5.54398864e-17,  5.82117383e-17, -1.94407291e-17]],\n",
       "  \n",
       "          [[-2.35715715e-02, -2.23193434e-18,  6.57260635e-18]],\n",
       "  \n",
       "          [[-1.14950403e-17, -1.40669732e-17, -9.28037170e-17]],\n",
       "  \n",
       "          [[-2.54129368e-17, -3.78068362e-17, -2.05624870e-18]],\n",
       "  \n",
       "          [[-3.09889510e-16,  2.63346845e-17, -2.34748006e-17]]],\n",
       "  \n",
       "  \n",
       "         [[[ 6.46470732e-17, -1.56104502e-16, -1.04202326e-17]],\n",
       "  \n",
       "          [[ 9.59300447e-18, -2.35715715e-02, -5.84508118e-18]],\n",
       "  \n",
       "          [[ 2.81176675e-17, -6.04378086e-17,  5.74393707e-17]],\n",
       "  \n",
       "          [[-1.11359321e-17, -3.94636311e-17,  6.95843651e-17]],\n",
       "  \n",
       "          [[ 2.53969124e-17, -3.38710377e-16, -2.09732389e-17]]]]),\n",
       "  array([[[[ 0.00000000e+00,  0.00000000e+00,  0.00000000e+00],\n",
       "           [ 0.00000000e+00,  0.00000000e+00,  0.00000000e+00],\n",
       "           [ 0.00000000e+00,  0.00000000e+00,  0.00000000e+00]],\n",
       "  \n",
       "          [[ 0.00000000e+00,  1.08789866e-18,  3.90329371e-17],\n",
       "           [-1.08789866e-18,  0.00000000e+00, -2.57940363e-17],\n",
       "           [-3.90329371e-17,  2.57940363e-17,  0.00000000e+00]],\n",
       "  \n",
       "          [[ 0.00000000e+00,  4.78041895e-18, -2.05397244e-02],\n",
       "           [-4.78041895e-18,  0.00000000e+00,  7.82219148e-03],\n",
       "           [ 2.05397244e-02, -7.82219148e-03,  0.00000000e+00]],\n",
       "  \n",
       "          [[ 0.00000000e+00,  5.73561471e-17,  7.82219148e-03],\n",
       "           [-5.73561471e-17,  0.00000000e+00,  2.05397244e-02],\n",
       "           [-7.82219148e-03, -2.05397244e-02,  0.00000000e+00]],\n",
       "  \n",
       "          [[ 0.00000000e+00,  8.33512341e-19,  1.01829614e-16],\n",
       "           [-8.33512341e-19,  0.00000000e+00, -3.37243960e-17],\n",
       "           [-1.01829614e-16,  3.37243960e-17,  0.00000000e+00]]],\n",
       "  \n",
       "  \n",
       "         [[[ 0.00000000e+00, -1.08789866e-18, -3.90329371e-17],\n",
       "           [ 1.08789866e-18,  0.00000000e+00,  2.57940363e-17],\n",
       "           [ 3.90329371e-17, -2.57940363e-17,  0.00000000e+00]],\n",
       "  \n",
       "          [[ 0.00000000e+00,  0.00000000e+00,  0.00000000e+00],\n",
       "           [ 0.00000000e+00,  0.00000000e+00,  0.00000000e+00],\n",
       "           [ 0.00000000e+00,  0.00000000e+00,  0.00000000e+00]],\n",
       "  \n",
       "          [[ 0.00000000e+00,  5.70357567e-17,  5.78512720e-16],\n",
       "           [-5.70357567e-17,  0.00000000e+00, -2.02603125e-16],\n",
       "           [-5.78512720e-16,  2.02603125e-16,  0.00000000e+00]],\n",
       "  \n",
       "          [[ 0.00000000e+00, -2.69622741e-16, -2.32936847e-16],\n",
       "           [ 2.69622741e-16,  0.00000000e+00, -5.64238658e-16],\n",
       "           [ 2.32936847e-16,  5.64238658e-16,  0.00000000e+00]],\n",
       "  \n",
       "          [[ 0.00000000e+00,  5.52258324e-19, -9.51444332e-17],\n",
       "           [-5.52258324e-19,  0.00000000e+00,  6.28809300e-17],\n",
       "           [ 9.51444332e-17, -6.28809300e-17,  0.00000000e+00]]],\n",
       "  \n",
       "  \n",
       "         [[[ 0.00000000e+00, -4.78041895e-18,  2.05397244e-02],\n",
       "           [ 4.78041895e-18,  0.00000000e+00, -7.82219148e-03],\n",
       "           [-2.05397244e-02,  7.82219148e-03,  0.00000000e+00]],\n",
       "  \n",
       "          [[ 0.00000000e+00, -5.70357567e-17, -5.78512720e-16],\n",
       "           [ 5.70357567e-17,  0.00000000e+00,  2.02603125e-16],\n",
       "           [ 5.78512720e-16, -2.02603125e-16,  0.00000000e+00]],\n",
       "  \n",
       "          [[ 0.00000000e+00,  0.00000000e+00,  0.00000000e+00],\n",
       "           [ 0.00000000e+00,  0.00000000e+00,  0.00000000e+00],\n",
       "           [ 0.00000000e+00,  0.00000000e+00,  0.00000000e+00]],\n",
       "  \n",
       "          [[ 0.00000000e+00,  1.28412213e-01,  8.10082971e-17],\n",
       "           [-1.28412213e-01,  0.00000000e+00,  1.57178254e-16],\n",
       "           [-8.10082971e-17, -1.57178254e-16,  0.00000000e+00]],\n",
       "  \n",
       "          [[ 0.00000000e+00,  1.99589464e-17,  4.93624957e-02],\n",
       "           [-1.99589464e-17,  0.00000000e+00, -1.87988351e-02],\n",
       "           [-4.93624957e-02,  1.87988351e-02,  0.00000000e+00]]],\n",
       "  \n",
       "  \n",
       "         [[[ 0.00000000e+00, -5.73561471e-17, -7.82219148e-03],\n",
       "           [ 5.73561471e-17,  0.00000000e+00, -2.05397244e-02],\n",
       "           [ 7.82219148e-03,  2.05397244e-02,  0.00000000e+00]],\n",
       "  \n",
       "          [[ 0.00000000e+00,  2.69622741e-16,  2.32936847e-16],\n",
       "           [-2.69622741e-16,  0.00000000e+00,  5.64238658e-16],\n",
       "           [-2.32936847e-16, -5.64238658e-16,  0.00000000e+00]],\n",
       "  \n",
       "          [[ 0.00000000e+00, -1.28412213e-01, -8.10082971e-17],\n",
       "           [ 1.28412213e-01,  0.00000000e+00, -1.57178254e-16],\n",
       "           [ 8.10082971e-17,  1.57178254e-16,  0.00000000e+00]],\n",
       "  \n",
       "          [[ 0.00000000e+00,  0.00000000e+00,  0.00000000e+00],\n",
       "           [ 0.00000000e+00,  0.00000000e+00,  0.00000000e+00],\n",
       "           [ 0.00000000e+00,  0.00000000e+00,  0.00000000e+00]],\n",
       "  \n",
       "          [[ 0.00000000e+00,  4.97630912e-16, -1.87988351e-02],\n",
       "           [-4.97630912e-16,  0.00000000e+00, -4.93624957e-02],\n",
       "           [ 1.87988351e-02,  4.93624957e-02,  0.00000000e+00]]],\n",
       "  \n",
       "  \n",
       "         [[[ 0.00000000e+00, -8.33512341e-19, -1.01829614e-16],\n",
       "           [ 8.33512341e-19,  0.00000000e+00,  3.37243960e-17],\n",
       "           [ 1.01829614e-16, -3.37243960e-17,  0.00000000e+00]],\n",
       "  \n",
       "          [[ 0.00000000e+00, -5.52258324e-19,  9.51444332e-17],\n",
       "           [ 5.52258324e-19,  0.00000000e+00, -6.28809300e-17],\n",
       "           [-9.51444332e-17,  6.28809300e-17,  0.00000000e+00]],\n",
       "  \n",
       "          [[ 0.00000000e+00, -1.99589464e-17, -4.93624957e-02],\n",
       "           [ 1.99589464e-17,  0.00000000e+00,  1.87988351e-02],\n",
       "           [ 4.93624957e-02, -1.87988351e-02,  0.00000000e+00]],\n",
       "  \n",
       "          [[ 0.00000000e+00, -4.97630912e-16,  1.87988351e-02],\n",
       "           [ 4.97630912e-16,  0.00000000e+00,  4.93624957e-02],\n",
       "           [-1.87988351e-02, -4.93624957e-02,  0.00000000e+00]],\n",
       "  \n",
       "          [[ 0.00000000e+00,  0.00000000e+00,  0.00000000e+00],\n",
       "           [ 0.00000000e+00,  0.00000000e+00,  0.00000000e+00],\n",
       "           [ 0.00000000e+00,  0.00000000e+00,  0.00000000e+00]]]])))"
      ]
     },
     "execution_count": 1,
     "metadata": {},
     "output_type": "execute_result"
    }
   ],
   "source": [
    "import numpy as np\n",
    "from pyscf import gto, scf, cc\n",
    "\n",
    "####  test H2 monomers ####\n",
    "a = 2 # bond length in a cluster\n",
    "d = 4 # distance between each cluster\n",
    "unit = 'b' # unit of length\n",
    "na = 2 # size of a cluster (monomer)\n",
    "nc = 1 # set as integer multiple of monomers\n",
    "spin = 2 # spin per monomer\n",
    "frozen = 0 # frozen orbital per monomer\n",
    "elmt = 'O'\n",
    "unit = 'B'\n",
    "basis = 'sto6g'\n",
    "atoms = \"\"\n",
    "for n in range(nc*na):\n",
    "    shift = ((n - n % na) // na) * (d-a)\n",
    "    atoms += f\"{elmt} {n*a+shift:.5f} 0.00000 0.00000 \\n\"\n",
    "###########################\n",
    "\n",
    "mol = gto.M(atom=atoms,\n",
    "            basis=\"sto6g\",\n",
    "            verbose=4,\n",
    "            unit=unit,\n",
    "            symmetry=0,\n",
    "            charge=0,\n",
    "            spin=spin*nc,\n",
    "            max_memory=40000,\n",
    "            )\n",
    "\n",
    "mf = scf.RHF(mol)\n",
    "mf.kernel()\n",
    "\n",
    "mycc = cc.CCSD(mf).set_frozen()\n",
    "mycc.kernel()"
   ]
  },
  {
   "cell_type": "code",
   "execution_count": 2,
   "id": "e87b9ebe",
   "metadata": {},
   "outputs": [
    {
     "name": "stdout",
     "output_type": "stream",
     "text": [
      "\n",
      "Preparing AFQMC calculation\n",
      "Calculating Cholesky integrals\n",
      "Alpha Cholesky shape: (42, 10, 10) \n",
      " Beta Cholesky shape: (42, 10, 10) \n",
      "Finished calculating Cholesky integrals\n",
      "Size of the correlation space:\n",
      "Number of electrons:        [7 5]\n",
      "Number of basis functions:  8\n",
      "Number of Cholesky vectors: 42\n"
     ]
    }
   ],
   "source": [
    "import jax\n",
    "jax.config.update(\"jax_enable_x64\", True)\n",
    "\n",
    "from afqmc import integral\n",
    "integral.prep_integral(mycc)"
   ]
  },
  {
   "cell_type": "code",
   "execution_count": 13,
   "id": "95f74757",
   "metadata": {},
   "outputs": [
    {
     "name": "stdout",
     "output_type": "stream",
     "text": [
      "Hostname:     sharmagroup-rn\n",
      "System:       Linux\n",
      "Node:         sharmagroup-rn\n",
      "Release:      6.17.0-35-generic\n",
      "Machine:      x86_64\n",
      "Processor:    x86_64\n",
      "JAX backend:  GPU\n",
      "JAX devices:  [CudaDevice(id=0)]\n",
      "Device kind:  NVIDIA GeForce RTX 5060 Ti\n",
      "Platform:     gpu\n",
      "\n",
      "Load system from Integral File\n",
      "Maximum memory per walker:            10.00 MB\n",
      "Maximum number of Cholesky per chunk: 5120\n",
      "Number of Cholesky chunks:            1\n",
      "Number of Cholesky per chunk:         42\n",
      "Number of padding Cholesky:           0\n",
      "\n",
      "QMC System\n",
      "Number of electrons: (7, 5)\n",
      "Spin Multiplicity:   2\n",
      "Number of orbitals:  8\n",
      "Number of Chol:      42\n",
      "\n",
      "QMC Parameters\n",
      "eql_time            :                   10\n",
      "n_blocks            :                  100\n",
      "n_walkers           :                  300\n",
      "max_error           :                  0.0\n",
      "nchol_chunk         :                   42\n",
      "max_memory          :                 3000\n",
      "seed                :                   17\n",
      "walker_type         :                  uhf\n",
      "trial               :             upt2ccsd\n",
      "dt                  :                0.005\n",
      "n_exp_terms         :                    6\n",
      "n_prop_steps        :                   50\n",
      "save_walkers        :                False\n",
      "free_projection     :                False\n",
      "n_batch             :                    1\n",
      "mix_precision       :                 True\n"
     ]
    }
   ],
   "source": [
    "from jax import random\n",
    "from jax import numpy as jnp\n",
    "from afqmc import config, prep\n",
    "\n",
    "config.setup_jax()\n",
    "\n",
    "options = {'eql_time': 10,\n",
    "            'n_blocks': 100,\n",
    "            'n_walkers': 300,\n",
    "            'max_error': 0.0,\n",
    "            'nchol_chunk': 30,\n",
    "            'max_memory': 3000,\n",
    "            'seed': 17,\n",
    "            'walker_type': 'uhf',\n",
    "            'trial': 'upt2ccsd',\n",
    "            }\n",
    "\n",
    "ham_data, ham, prop, trial, wave_data, sampler, options = (prep.init_afqmc(options=options))\n",
    "wave_data[\"rdm1\"] = trial.get_rdm1(wave_data)\n",
    "ham_data = ham.build_measurement_intermediates(ham_data, trial, wave_data)\n",
    "ham_data = ham.build_propagation_intermediates(ham_data, prop, trial, wave_data)"
   ]
  },
  {
   "cell_type": "code",
   "execution_count": 28,
   "id": "c5e61c8a",
   "metadata": {},
   "outputs": [],
   "source": [
    "from afqmc import linalg_utils\n",
    "\n",
    "def init_ccsd_prop_data1(\n",
    "    trial,\n",
    "    wave_data,\n",
    "    ham_data,\n",
    "    options,\n",
    "):\n",
    "    prop_data = {}\n",
    "    prop_data[\"weights\"] = jnp.ones(prop.n_walkers)\n",
    "    prop_data[\"key\"] = random.PRNGKey(options[\"seed\"])\n",
    "\n",
    "    print(\"\\nInitalize QMC walkers by stochastic CCSD\")\n",
    "    init_walkers, prop_data = prep.get_ccsd_walkers(\n",
    "        prop_data, wave_data, options[\"n_walkers\"], options[\"walker_type\"]\n",
    "    )\n",
    "    prop_data[\"walkers\"] = init_walkers\n",
    "\n",
    "    h0 = ham_data[\"h0\"]\n",
    "    t1s, t2s, e0s, e1s = trial.calc_energy_pt(prop_data[\"walkers\"], ham_data, wave_data)\n",
    "    olps = trial.calc_overlap(prop_data[\"walkers\"], wave_data)\n",
    "    prop_data[\"overlaps\"] = olps\n",
    "\n",
    "    olp = jnp.sum(olps)\n",
    "    t1 = jnp.sum(olps * t1s) / olp\n",
    "    t2 = jnp.sum(olps * t2s) / olp\n",
    "    e0 = jnp.sum(olps * e0s) / olp\n",
    "    e1 = jnp.sum(olps * e1s) / olp\n",
    "\n",
    "    energy = jnp.real(h0 + e0 / t1 + e1 / t1 - t2 * e0 / t1**2)\n",
    "\n",
    "    prop_data[\"e_estimate\"] = energy\n",
    "    prop_data[\"pop_control_ene_shift\"] = energy\n",
    "\n",
    "    return prop_data\n",
    "\n",
    "\n",
    "def init_ccsd_prop_data2(\n",
    "    trial,\n",
    "    wave_data,\n",
    "    ham_data,\n",
    "    options,\n",
    "):\n",
    "\n",
    "    print(\"\\nInitalize QMC walkers by stochastic CCSD\")\n",
    "    prop_data = {}\n",
    "    prop_data[\"n_killed_walkers\"] = 0\n",
    "    prop_data[\"key\"] = random.PRNGKey(options[\"seed\"])\n",
    "\n",
    "    weights0 = jnp.ones(options[\"n_walkers\"])\n",
    "    walkers0 = prep.replicate_walker(wave_data[\"mo_coeff\"], options[\"n_walkers\"])\n",
    "    overlaps0 = trial.calc_overlap(walkers0, wave_data)\n",
    "\n",
    "    walkers1, prop_data = prep.get_ccsd_walkers(\n",
    "        prop_data, wave_data, options[\"n_walkers\"], options[\"walker_type\"]\n",
    "    )\n",
    "    overlaps1 = trial.calc_overlap(walkers1, wave_data)\n",
    "    weights1 = jnp.real(weights0 * overlaps1 / overlaps0)\n",
    "\n",
    "    prop_data[\"weights\"] = weights1\n",
    "    prop_data[\"walkers\"] = walkers1\n",
    "    prop_data[\"overlaps\"] = overlaps1\n",
    "\n",
    "    h0 = ham_data[\"h0\"]\n",
    "    t1s, t2s, e0s, e1s = trial.calc_energy_pt(prop_data[\"walkers\"], ham_data, wave_data)\n",
    "\n",
    "    wt = jnp.sum(weights1)\n",
    "    t1 = jnp.sum(weights1 * t1s) / wt\n",
    "    t2 = jnp.sum(weights1 * t2s) / wt\n",
    "    e0 = jnp.sum(weights1 * e0s) / wt\n",
    "    e1 = jnp.sum(weights1 * e1s) / wt\n",
    "\n",
    "    energy = jnp.real(h0 + e0 / t1 + e1 / t1 - t2 * e0 / t1**2)\n",
    "\n",
    "    prop_data[\"e_estimate\"] = energy\n",
    "    prop_data[\"pop_control_ene_shift\"] = energy\n",
    "\n",
    "    return prop_data\n",
    "\n",
    "def init_ccsd_prop_data3(\n",
    "        trial,\n",
    "        wave_data, \n",
    "        ham_data,\n",
    "        options,\n",
    "        ):\n",
    "    \n",
    "    print(\"\\nInitalize QMC walkers by stochastic CCSD\")\n",
    "    prop_data = {}\n",
    "    prop_data[\"n_killed_walkers\"] = 0\n",
    "    prop_data[\"key\"] = random.PRNGKey(options[\"seed\"])\n",
    "    \n",
    "    weights0 = jnp.ones(options[\"n_walkers\"])\n",
    "    walkers0 = prep.replicate_walker(wave_data[\"mo_coeff\"], options[\"n_walkers\"])\n",
    "    overlaps0 = trial.calc_overlap(walkers0, wave_data)\n",
    "\n",
    "    walkers1, prop_data = prep.get_ccsd_walkers(\n",
    "        prop_data, wave_data, options[\"n_walkers\"], options[\"walker_type\"])\n",
    "    if isinstance(walkers1, jax.Array):\n",
    "        walkers1, norms1 = linalg_utils.qr_vmap(walkers1)\n",
    "    elif isinstance(walkers1, (tuple, list)):\n",
    "        walkers1, [norms1_a, norms1_b] = linalg_utils.qr_vmap_uhf(walkers1)\n",
    "        norms1 = norms1_a * norms1_b\n",
    "        \n",
    "    overlaps1 = trial.calc_overlap(walkers1, wave_data)\n",
    "    weights1 = jnp.real(weights0 * overlaps1 / overlaps0)\n",
    "\n",
    "    prop_data[\"weights\"] = weights1\n",
    "    prop_data[\"walkers\"] = walkers1\n",
    "    prop_data[\"overlaps\"] = overlaps1\n",
    "    prop_data[\"norms\"] = norms1\n",
    "\n",
    "    h0 = ham_data[\"h0\"]\n",
    "    t1s, t2s, e0s, e1s = trial.calc_energy_pt(prop_data[\"walkers\"], ham_data, wave_data)\n",
    "\n",
    "    wt = jnp.sum(weights1)\n",
    "    t1 = jnp.sum(weights1 * t1s) / wt\n",
    "    t2 = jnp.sum(weights1 * t2s) / wt\n",
    "    e0 = jnp.sum(weights1 * e0s) / wt\n",
    "    e1 = jnp.sum(weights1 * e1s) / wt\n",
    "\n",
    "    energy = jnp.real(h0 + e0 / t1 + e1 / t1 - t2 * e0 / t1**2)\n",
    "\n",
    "    prop_data[\"e_estimate\"] = energy\n",
    "    prop_data[\"pop_control_ene_shift\"] = energy\n",
    "\n",
    "    return prop_data"
   ]
  },
  {
   "cell_type": "code",
   "execution_count": 29,
   "id": "5992e48e",
   "metadata": {},
   "outputs": [
    {
     "name": "stdout",
     "output_type": "stream",
     "text": [
      "\n",
      "Initalize QMC walkers by stochastic CCSD\n",
      "\n",
      "Initalize QMC walkers by stochastic CCSD\n",
      "\n",
      "Initalize QMC walkers by stochastic CCSD\n"
     ]
    }
   ],
   "source": [
    "prop_data1 = init_ccsd_prop_data1(trial, wave_data, ham_data, options)\n",
    "prop_data2 = init_ccsd_prop_data2(trial, wave_data, ham_data, options)\n",
    "prop_data3 = init_ccsd_prop_data3(trial, wave_data, ham_data, options)"
   ]
  },
  {
   "cell_type": "code",
   "execution_count": 30,
   "id": "e1b62216",
   "metadata": {},
   "outputs": [
    {
     "name": "stdout",
     "output_type": "stream",
     "text": [
      "-149.04341053267086\n",
      "-149.04341053267086\n",
      "-149.04352452059985\n"
     ]
    }
   ],
   "source": [
    "print(prop_data1[\"e_estimate\"])\n",
    "print(prop_data2[\"e_estimate\"])\n",
    "print(prop_data3[\"e_estimate\"])"
   ]
  },
  {
   "cell_type": "code",
   "execution_count": 31,
   "id": "cdf1fb70",
   "metadata": {},
   "outputs": [],
   "source": [
    "energies1 = trial.calc_energy(prop_data1[\"walkers\"], ham_data, wave_data)\n",
    "energies2 = trial.calc_energy(prop_data2[\"walkers\"], ham_data, wave_data)\n",
    "energies3 = trial.calc_energy(prop_data3[\"walkers\"], ham_data, wave_data)"
   ]
  },
  {
   "cell_type": "code",
   "execution_count": 32,
   "id": "7a624847",
   "metadata": {},
   "outputs": [],
   "source": [
    "overlaps1 = trial.calc_overlap(prop_data1[\"walkers\"], wave_data)\n",
    "overlaps2 = trial.calc_overlap(prop_data2[\"walkers\"], wave_data)\n",
    "overlaps3 = trial.calc_overlap(prop_data3[\"walkers\"], wave_data)"
   ]
  },
  {
   "cell_type": "code",
   "execution_count": 33,
   "id": "e7ca92e6",
   "metadata": {},
   "outputs": [
    {
     "name": "stdout",
     "output_type": "stream",
     "text": [
      "(1+0j) (-149.10828564936236-0.01235372175913732j)\n",
      "(1+0j) (-149.10828564936236-0.01235372175913732j)\n",
      "(0.596190162679378-0j) (-149.10828564936236-0.01235372175913696j)\n"
     ]
    }
   ],
   "source": [
    "n = 1\n",
    "print(overlaps1[n], energies1[n])\n",
    "print(overlaps2[n], energies2[n])\n",
    "print(overlaps3[n], energies3[n])"
   ]
  },
  {
   "cell_type": "code",
   "execution_count": 34,
   "id": "dd9d3396",
   "metadata": {},
   "outputs": [
    {
     "name": "stdout",
     "output_type": "stream",
     "text": [
      "(-149.04338357414255-0.0005349058192907804j)\n",
      "(-149.04338357414255-0.0005349058192907804j)\n",
      "(-149.03844325206603-0.0004832269687478648j)\n"
     ]
    }
   ],
   "source": [
    "tot_energy1 = jnp.sum(overlaps1*energies1)/jnp.sum(overlaps1)\n",
    "tot_energy2 = jnp.sum(overlaps2*energies2)/jnp.sum(overlaps2)\n",
    "tot_energy3 = jnp.sum(overlaps3*energies3)/jnp.sum(overlaps3)\n",
    "print(tot_energy1)\n",
    "print(tot_energy2)\n",
    "print(tot_energy3)"
   ]
  },
  {
   "cell_type": "code",
   "execution_count": 37,
   "id": "d341013e",
   "metadata": {},
   "outputs": [
    {
     "name": "stdout",
     "output_type": "stream",
     "text": [
      "(-149.04338357414255-0.0005349058192907804j)\n",
      "(-149.04338357414255-0.0005349058192907804j)\n",
      "(-149.04338357414255-0.000534905819290768j)\n"
     ]
    }
   ],
   "source": [
    "tot_energy1 = jnp.sum(overlaps1*energies1)/jnp.sum(overlaps1)\n",
    "tot_energy2 = jnp.sum(overlaps2*energies2)/jnp.sum(overlaps2)\n",
    "tot_energy3 = jnp.sum(prop_data3[\"norms\"]*overlaps3*energies3)/jnp.sum(prop_data3[\"norms\"]*overlaps3)\n",
    "print(tot_energy1)\n",
    "print(tot_energy2)\n",
    "print(tot_energy3)"
   ]
  },
  {
   "cell_type": "code",
   "execution_count": null,
   "id": "5caa020c",
   "metadata": {},
   "outputs": [],
   "source": []
  }
 ],
 "metadata": {
  "kernelspec": {
   "display_name": "myafqmc",
   "language": "python",
   "name": "python3"
  },
  "language_info": {
   "codemirror_mode": {
    "name": "ipython",
    "version": 3
   },
   "file_extension": ".py",
   "mimetype": "text/x-python",
   "name": "python",
   "nbconvert_exporter": "python",
   "pygments_lexer": "ipython3",
   "version": "3.12.13"
  }
 },
 "nbformat": 4,
 "nbformat_minor": 5
}
