{
 "cells": [
  {
   "cell_type": "code",
   "execution_count": 26,
   "id": "c9eba7b9",
   "metadata": {},
   "outputs": [
    {
     "name": "stdout",
     "output_type": "stream",
     "text": [
      "System: uname_result(system='Linux', node='sharmagroup-rn', release='6.17.0-23-generic', version='#23~24.04.1-Ubuntu SMP PREEMPT_DYNAMIC Tue Apr 14 16:11:48 UTC 2', machine='x86_64')  Threads 16\n",
      "Python 3.12.13 | packaged by Anaconda, Inc. | (main, Mar 19 2026, 20:20:58) [GCC 14.3.0]\n",
      "numpy 2.4.4  scipy 1.17.1  h5py 3.16.0\n",
      "Date: Wed May  6 14:20:25 2026\n",
      "PySCF version 2.12.1\n",
      "PySCF path  /home/sharmagroup/sharmagroup/pyscf\n",
      "GIT ORIG_HEAD 3d1768f5e33b144b606c3d2c81c12ee54d794501\n",
      "GIT HEAD (branch master) f0861da51f017364d8bbaa20b742a94f3733305f\n",
      "\n",
      "[ENV] OLD_PYSCF_EXT_PATH /home/sharmagroup/sharmagroup/pyscf-forge:\n",
      "[ENV] PYSCF_EXT_PATH /home/sharmagroup/sharmagroup/pyscf-forge:/home/sharmagroup/sharmagroup/pyscf-forge:\n",
      "[CONFIG] conf_file None\n",
      "[INPUT] verbose = 4\n",
      "[INPUT] num. atoms = 10\n",
      "[INPUT] num. electrons = 10\n",
      "[INPUT] charge = 0\n",
      "[INPUT] spin (= nelec alpha-beta = 2S) = 0\n",
      "[INPUT] symmetry 0 subgroup None\n",
      "[INPUT] Mole.unit = B\n",
      "[INPUT] Symbol           X                Y                Z      unit          X                Y                Z       unit  Magmom\n",
      "[INPUT]  1 H      0.000000000000   0.000000000000   0.000000000000 AA    0.000000000000   0.000000000000   0.000000000000 Bohr   0.0\n",
      "[INPUT]  2 H      1.058354421840   0.000000000000   0.000000000000 AA    2.000000000000   0.000000000000   0.000000000000 Bohr   0.0\n",
      "[INPUT]  3 H      2.116708843680   0.000000000000   0.000000000000 AA    4.000000000000   0.000000000000   0.000000000000 Bohr   0.0\n",
      "[INPUT]  4 H      3.175063265520   0.000000000000   0.000000000000 AA    6.000000000000   0.000000000000   0.000000000000 Bohr   0.0\n",
      "[INPUT]  5 H      4.233417687360   0.000000000000   0.000000000000 AA    8.000000000000   0.000000000000   0.000000000000 Bohr   0.0\n",
      "[INPUT]  6 H      5.291772109200   0.000000000000   0.000000000000 AA   10.000000000000   0.000000000000   0.000000000000 Bohr   0.0\n",
      "[INPUT]  7 H      6.350126531040   0.000000000000   0.000000000000 AA   12.000000000000   0.000000000000   0.000000000000 Bohr   0.0\n",
      "[INPUT]  8 H      7.408480952880   0.000000000000   0.000000000000 AA   14.000000000000   0.000000000000   0.000000000000 Bohr   0.0\n",
      "[INPUT]  9 H      8.466835374720   0.000000000000   0.000000000000 AA   16.000000000000   0.000000000000   0.000000000000 Bohr   0.0\n",
      "[INPUT] 10 H      9.525189796560   0.000000000000   0.000000000000 AA   18.000000000000   0.000000000000   0.000000000000 Bohr   0.0\n",
      "\n",
      "nuclear repulsion = 9.64484126984127\n",
      "number of shells = 10\n",
      "number of NR pGTOs = 60\n",
      "number of NR cGTOs = 10\n",
      "basis = sto6g\n",
      "ecp = {}\n",
      "CPU time:       158.70\n",
      "\n",
      "\n",
      "******** <class 'pyscf.df.df_jk.DFRHF'> ********\n",
      "method = DFRHF\n",
      "initial guess = minao\n",
      "damping factor = 0\n",
      "level_shift factor = 0\n",
      "DIIS = <class 'pyscf.scf.diis.CDIIS'>\n",
      "diis_start_cycle = 1\n",
      "diis_space = 8\n",
      "diis_damp = 0\n",
      "SCF conv_tol = 1e-09\n",
      "SCF conv_tol_grad = None\n",
      "SCF max_cycles = 50\n",
      "direct_scf = False\n",
      "chkfile to save SCF result = /tmp/tmplixhi4ss\n",
      "max_memory 20000 MB (current use 240 MB)\n",
      "Set gradient conv threshold to 3.16228e-05\n",
      "Initial guess from minao.\n",
      "******** <class 'pyscf.df.df.DF'> ********\n",
      "auxbasis = None\n",
      "max_memory = 20000\n",
      "ETB for H: l = 0, exps = 0.200224856 * 2^n , n = 0..8\n",
      "\n",
      "WARN: Even tempered Gaussians are generated as DF auxbasis for  H\n",
      "\n",
      "init E= -3.99586214755499\n",
      "  HOMO = -0.14793529156655  LUMO = 0.0535853987562115\n",
      "cycle= 1 E= -5.1880564656659  delta_E= -1.19  |g|= 0.122  |ddm|= 2.23\n",
      "  HOMO = -0.253320745417608  LUMO = 0.112404973125898\n",
      "cycle= 2 E= -5.20243072169558  delta_E= -0.0144  |g|= 0.0568  |ddm|= 0.331\n",
      "  HOMO = -0.26552884129652  LUMO = 0.139535919376587\n",
      "cycle= 3 E= -5.20640100743574  delta_E= -0.00397  |g|= 0.0121  |ddm|= 0.212\n",
      "  HOMO = -0.272696647788933  LUMO = 0.140650055664012\n",
      "cycle= 4 E= -5.20656352008325  delta_E= -0.000163  |g|= 0.00122  |ddm|= 0.0528\n",
      "  HOMO = -0.272215572959315  LUMO = 0.140718434560204\n",
      "cycle= 5 E= -5.20656455797375  delta_E= -1.04e-06  |g|= 0.000271  |ddm|= 0.00263\n",
      "  HOMO = -0.272287065263226  LUMO = 0.140754995883482\n",
      "cycle= 6 E= -5.2065646113011  delta_E= -5.33e-08  |g|= 3.58e-05  |ddm|= 0.000739\n",
      "  HOMO = -0.272312464195897  LUMO = 0.140775007625982\n",
      "cycle= 7 E= -5.20656461292511  delta_E= -1.62e-09  |g|= 4.16e-06  |ddm|= 0.00018\n",
      "  HOMO = -0.272308542600694  LUMO = 0.140772054700276\n",
      "cycle= 8 E= -5.20656461294534  delta_E= -2.02e-11  |g|= 4.38e-07  |ddm|= 2.01e-05\n",
      "  HOMO = -0.272308821074698  LUMO = 0.140772269469621\n",
      "Extra cycle  E= -5.20656461294552  delta_E= -1.83e-13  |g|= 2.04e-07  |ddm|= 1.08e-06\n",
      "converged SCF energy = -5.20656461294552\n",
      "\n",
      "******** <class 'pyscf.mp.dfmp2.DFRMP2'> ********\n",
      "nocc = 5, nmo = 10\n",
      "frozen orbitals 0\n",
      "max_memory 20000 MB (current use 240 MB)\n",
      "E(DFRMP2) = -5.32161474916898  E_corr = -0.115050136223462\n",
      "E(SCS-DFRMP2) = -5.33359366855508  E_corr = -0.127029055609559\n",
      "E_corr(same-spin) = -0.0127282013753023\n",
      "E_corr(oppo-spin) = -0.10232193484816\n",
      "MP2 Corr = -0.11505014\n",
      "\n",
      "******** <class 'pyscf.cc.dfccsd.RCCSD'> ********\n",
      "CC2 = 0\n",
      "CCSD nocc = 5, nmo = 10\n",
      "frozen orbitals 0\n",
      "max_cycle = 50\n",
      "direct = 0\n",
      "conv_tol = 1e-07\n",
      "conv_tol_normt = 1e-05\n",
      "diis_space = 6\n",
      "diis_start_cycle = 0\n",
      "diis_start_energy_diff = 1e+09\n",
      "max_memory 20000 MB (current use 240 MB)\n",
      "Init t2, MP2 energy = -5.32161474456235  E_corr(MP2) -0.115050131616827\n",
      "Init E_corr(RCCSD) = -0.115050131616855\n",
      "cycle = 1  E_corr(RCCSD) = -0.152592515762775  dE = -0.0375423841  norm(t1,t2) = 0.0835205\n",
      "cycle = 2  E_corr(RCCSD) = -0.169007976061065  dE = -0.0164154603  norm(t1,t2) = 0.0485333\n",
      "cycle = 3  E_corr(RCCSD) = -0.184255180283225  dE = -0.0152472042  norm(t1,t2) = 0.0272562\n",
      "cycle = 4  E_corr(RCCSD) = -0.186011151757098  dE = -0.00175597147  norm(t1,t2) = 0.0085026\n",
      "cycle = 5  E_corr(RCCSD) = -0.18546192753849  dE = 0.000549224219  norm(t1,t2) = 0.00490678\n",
      "cycle = 6  E_corr(RCCSD) = -0.18569440487901  dE = -0.000232477341  norm(t1,t2) = 0.00148482\n",
      "cycle = 7  E_corr(RCCSD) = -0.185747817075104  dE = -5.34121961e-05  norm(t1,t2) = 0.000613805\n",
      "cycle = 8  E_corr(RCCSD) = -0.185692615094225  dE = 5.52019809e-05  norm(t1,t2) = 0.000256769\n",
      "cycle = 9  E_corr(RCCSD) = -0.185678794133866  dE = 1.38209604e-05  norm(t1,t2) = 8.4457e-05\n",
      "cycle = 10  E_corr(RCCSD) = -0.18568320865058  dE = -4.41451671e-06  norm(t1,t2) = 3.28465e-05\n",
      "cycle = 11  E_corr(RCCSD) = -0.185685451187578  dE = -2.242537e-06  norm(t1,t2) = 1.46881e-05\n",
      "cycle = 12  E_corr(RCCSD) = -0.185686492974173  dE = -1.0417866e-06  norm(t1,t2) = 3.40165e-06\n",
      "cycle = 13  E_corr(RCCSD) = -0.185686788977732  dE = -2.96003559e-07  norm(t1,t2) = 1.27709e-06\n",
      "cycle = 14  E_corr(RCCSD) = -0.185686672829303  dE = 1.16148429e-07  norm(t1,t2) = 5.74741e-07\n",
      "cycle = 15  E_corr(RCCSD) = -0.185686635167693  dE = 3.76616107e-08  norm(t1,t2) = 2.41453e-07\n",
      "RCCSD converged\n",
      "E(RCCSD) = -5.392251248113213  E_corr = -0.1856866351676925\n",
      "CCSD Corr = -0.18568664\n",
      "RCCSD(T) correction = -0.00227899775293078\n",
      "CCSD(T) Corr = -0.18796563\n"
     ]
    }
   ],
   "source": [
    "import numpy as np\n",
    "from pyscf import gto, scf, lo, mp, cc\n",
    "\n",
    "a = 2 # bond length in a cluster\n",
    "d = 4 # distance between each cluster\n",
    "unit = 'b' # unit of length\n",
    "na = 10  # size of a cluster (monomer)\n",
    "nc = 1 # set as integer multiple of monomers\n",
    "spin = 0 # spin per monomer\n",
    "frozen = 0 # frozen orbital per monomer\n",
    "elmt = 'H'\n",
    "basis = 'sto6g'\n",
    "atoms = \"\"\n",
    "for n in range(nc*na):\n",
    "    shift = ((n - n % na) // na) * (d-a)\n",
    "    atoms += f\"{elmt} {n*a+shift:.5f} 0.00000 0.00000 \\n\"\n",
    "\n",
    "mol = gto.M(atom = atoms,\n",
    "            basis = 'sto6g',\n",
    "            verbose = 4,\n",
    "            unit = 'B',\n",
    "            symmetry = 0,\n",
    "            charge = 0,\n",
    "            spin = 0,\n",
    "            max_memory = 20000,\n",
    "            )\n",
    "\n",
    "mf = scf.RHF(mol).density_fit()\n",
    "mf.kernel()\n",
    "\n",
    "frozen = 0\n",
    "mymp = mp.MP2(mf, frozen=frozen)\n",
    "mymp.kernel()\n",
    "efull_mp2 = mymp.e_corr\n",
    "print(f'MP2 Corr = {efull_mp2:.8f}')\n",
    "\n",
    "mycc = cc.CCSD(mf, frozen=frozen)\n",
    "mycc.kernel()\n",
    "efull_ccsd = mycc.e_corr\n",
    "print(f'CCSD Corr = {efull_ccsd:.8f}')\n",
    "\n",
    "efull_t = mycc.ccsd_t()\n",
    "efull_ccsd_t = efull_ccsd + efull_t\n",
    "print(f'CCSD(T) Corr = {efull_ccsd_t:.8f}')"
   ]
  },
  {
   "cell_type": "code",
   "execution_count": 27,
   "id": "69acab94",
   "metadata": {},
   "outputs": [
    {
     "name": "stdout",
     "output_type": "stream",
     "text": [
      "MP2 Corr = -0.11505014\n",
      "CCSD Corr = -0.18568664\n",
      "CCSD(T) Corr = -0.18796563\n"
     ]
    }
   ],
   "source": [
    "print(f'MP2 Corr = {efull_mp2:.8f}')\n",
    "print(f'CCSD Corr = {efull_ccsd:.8f}')\n",
    "print(f'CCSD(T) Corr = {efull_ccsd_t:.8f}')"
   ]
  },
  {
   "cell_type": "code",
   "execution_count": 28,
   "id": "43450294",
   "metadata": {},
   "outputs": [
    {
     "name": "stdout",
     "output_type": "stream",
     "text": [
      "(10, 5)\n",
      "(10, 5)\n",
      "[-0.6601326  -0.61116877 -0.5300571  -0.41558466 -0.27230882  0.14077227\n",
      "  0.35171329  0.5902159   0.82955314  1.02015204]\n"
     ]
    }
   ],
   "source": [
    "nocc = np.count_nonzero(mf.mo_occ)\n",
    "mo = mf.mo_coeff\n",
    "mo_occ = mf.mo_coeff[:,:nocc]\n",
    "mo_vir = mf.mo_coeff[:,nocc:]\n",
    "mo_e = mf.mo_energy\n",
    "print(mo_occ.shape)\n",
    "print(mo_vir.shape)\n",
    "print(mo_e)"
   ]
  },
  {
   "cell_type": "code",
   "execution_count": 29,
   "id": "63757c6c",
   "metadata": {},
   "outputs": [
    {
     "name": "stdout",
     "output_type": "stream",
     "text": [
      "[[-2.29529560e-01 -4.54007737e-01 -1.35211102e-01 -7.32738499e-04\n",
      "   1.70249716e-03 -7.73667844e-03 -1.34498049e-03  3.64663758e-03\n",
      "   5.41513828e-04 -2.18072827e-03]\n",
      " [-4.54007737e-01 -3.23365296e-01 -3.77932609e-01 -1.33246788e-01\n",
      "  -1.88940659e-02  1.20386331e-03 -7.16148146e-04 -1.21068051e-03\n",
      "   1.26781025e-04  5.41513828e-04]\n",
      " [-1.35211102e-01 -3.77932609e-01 -3.28580834e-01 -4.54973254e-01\n",
      "  -1.34073155e-01 -3.03689686e-03  1.27695017e-03 -7.05742257e-03\n",
      "  -1.21068051e-03  3.64663758e-03]\n",
      " [-7.32738499e-04 -1.33246788e-01 -4.54973254e-01 -3.30085464e-01\n",
      "  -3.83971583e-01 -1.33789358e-01 -1.83862867e-02  1.27695017e-03\n",
      "  -7.16148146e-04 -1.34498049e-03]\n",
      " [ 1.70249716e-03 -1.88940659e-02 -1.34073155e-01 -3.83971583e-01\n",
      "  -3.30274607e-01 -4.53464886e-01 -1.33789358e-01 -3.03689686e-03\n",
      "   1.20386331e-03 -7.73667844e-03]\n",
      " [-7.73667844e-03  1.20386331e-03 -3.03689686e-03 -1.33789358e-01\n",
      "  -4.53464886e-01 -3.30274607e-01 -3.83971583e-01 -1.34073155e-01\n",
      "  -1.88940659e-02  1.70249716e-03]\n",
      " [-1.34498049e-03 -7.16148146e-04  1.27695017e-03 -1.83862867e-02\n",
      "  -1.33789358e-01 -3.83971583e-01 -3.30085464e-01 -4.54973254e-01\n",
      "  -1.33246788e-01 -7.32738499e-04]\n",
      " [ 3.64663758e-03 -1.21068051e-03 -7.05742257e-03  1.27695017e-03\n",
      "  -3.03689686e-03 -1.34073155e-01 -4.54973254e-01 -3.28580834e-01\n",
      "  -3.77932609e-01 -1.35211102e-01]\n",
      " [ 5.41513828e-04  1.26781025e-04 -1.21068051e-03 -7.16148146e-04\n",
      "   1.20386331e-03 -1.88940659e-02 -1.33246788e-01 -3.77932609e-01\n",
      "  -3.23365296e-01 -4.54007737e-01]\n",
      " [-2.18072827e-03  5.41513828e-04  3.64663758e-03 -1.34498049e-03\n",
      "  -7.73667844e-03  1.70249716e-03 -7.32738499e-04 -1.35211102e-01\n",
      "  -4.54007737e-01 -2.29529560e-01]]\n"
     ]
    }
   ],
   "source": [
    "fock_ao = mf.get_fock()\n",
    "print(fock_ao)"
   ]
  },
  {
   "cell_type": "code",
   "execution_count": 33,
   "id": "8ab800eb",
   "metadata": {},
   "outputs": [],
   "source": [
    "def get_fock_ov(fock, nocc):\n",
    "    '''separate the fock into oo, ov, vv blocks'''\n",
    "    oo = fock[:nocc,:nocc]\n",
    "    ov = fock[:nocc,nocc:]\n",
    "    vv = fock[nocc:,nocc:]\n",
    "    return oo, ov, vv\n",
    "\n",
    "def larg_offd(mat):\n",
    "    off_diag = mat - np.diag(np.diag(mat))\n",
    "    max_val = np.max(np.abs(off_diag))\n",
    "    return max_val"
   ]
  },
  {
   "cell_type": "code",
   "execution_count": 36,
   "id": "e57d6a3f",
   "metadata": {},
   "outputs": [
    {
     "name": "stdout",
     "output_type": "stream",
     "text": [
      "3.7816209226548825e-09\n",
      "5.254298749562958e-08\n",
      "5.948618417295215e-09\n"
     ]
    }
   ],
   "source": [
    "fock_mo = mo.T @ fock_ao @ mo\n",
    "foo, fov, fvv = get_fock_ov(fock_mo, nocc)\n",
    "print(larg_offd(foo))\n",
    "print(np.max(np.abs(fov)))\n",
    "print(larg_offd(fvv))"
   ]
  },
  {
   "cell_type": "code",
   "execution_count": 35,
   "id": "95a8c571",
   "metadata": {},
   "outputs": [
    {
     "name": "stdout",
     "output_type": "stream",
     "text": [
      "[[-6.60132600e-01 -6.41847686e-16  3.78162090e-09  3.26128013e-16\n",
      "   1.47384165e-09]\n",
      " [-6.76542156e-16 -6.11168767e-01 -1.16573418e-15 -1.87649793e-09\n",
      "  -7.63278329e-17]\n",
      " [ 3.78162092e-09 -1.13797860e-15 -5.30057092e-01  8.04911693e-16\n",
      "  -1.86941929e-09]\n",
      " [ 3.40005801e-16 -1.87649790e-09  8.32667268e-16 -4.15584659e-01\n",
      "  -1.77635684e-15]\n",
      " [ 1.47384166e-09 -3.81639165e-17 -1.86941929e-09 -1.77982629e-15\n",
      "  -2.72308863e-01]]\n"
     ]
    }
   ],
   "source": [
    "print(foo)"
   ]
  },
  {
   "cell_type": "code",
   "execution_count": 39,
   "id": "a9df4fed",
   "metadata": {},
   "outputs": [
    {
     "name": "stdout",
     "output_type": "stream",
     "text": [
      "\n",
      "\n",
      "******** <class 'pyscf.lo.pipek.PipekMezey'> ********\n",
      "conv_tol = 1e-06\n",
      "conv_tol_grad = None\n",
      "max_cycle = 100\n",
      "max_stepsize = 0.05\n",
      "max_iters = 20\n",
      "kf_interval = 5\n",
      "kf_trust_region = 5\n",
      "ah_start_tol = 1000000000.0\n",
      "ah_start_cycle = 1\n",
      "ah_level_shift = 0\n",
      "ah_conv_tol = 1e-12\n",
      "ah_lindep = 1e-14\n",
      "ah_max_cycle = 40\n",
      "ah_trust_region = 3\n",
      "init_guess = atomic\n",
      "pop_method = meta_lowdin\n",
      "Set conv_tol_grad to 0.000316228\n",
      "macro= 1  f(x)= 2.1539163072738  delta_f= 2.15392  |g|= 0.111571  2 KF 8 Hx\n",
      "macro= 2  f(x)= 2.1548887745067  delta_f= 0.000972467  |g|= 0.000970992  2 KF 5 Hx\n",
      "macro= 3  f(x)= 2.154888774507  delta_f= 2.78888e-13  |g|= 8.17796e-06  1 KF 1 Hx\n",
      "macro X = 3  f(x)= 2.154888774507  |g|= 8.17796e-06  6 intor 5 KF 14 Hx\n",
      "\n",
      "\n",
      "******** <class 'pyscf.lo.pipek.PipekMezey'> ********\n",
      "conv_tol = 1e-06\n",
      "conv_tol_grad = None\n",
      "max_cycle = 100\n",
      "max_stepsize = 0.05\n",
      "max_iters = 20\n",
      "kf_interval = 5\n",
      "kf_trust_region = 5\n",
      "ah_start_tol = 1000000000.0\n",
      "ah_start_cycle = 1\n",
      "ah_level_shift = 0\n",
      "ah_conv_tol = 1e-12\n",
      "ah_lindep = 1e-14\n",
      "ah_max_cycle = 40\n",
      "ah_trust_region = 3\n",
      "init_guess = atomic\n",
      "pop_method = meta_lowdin\n",
      "Set conv_tol_grad to 0.000316228\n",
      "macro= 1  f(x)= 2.1535246003761  delta_f= 2.15352  |g|= 0.117407  2 KF 8 Hx\n",
      "macro= 2  f(x)= 2.1544888266257  delta_f= 0.000964226  |g|= 0.000933941  2 KF 5 Hx\n",
      "macro= 3  f(x)= 2.1544888266258  delta_f= 9.72555e-14  |g|= 1.09457e-05  1 KF 1 Hx\n",
      "macro X = 3  f(x)= 2.1544888266258  |g|= 1.09457e-05  6 intor 5 KF 14 Hx\n",
      "\n",
      "\n",
      "******** <class 'pyscf.df.df_jk.DFRHF'> ********\n",
      "method = DFRHF\n",
      "initial guess = minao\n",
      "damping factor = 0\n",
      "level_shift factor = 0\n",
      "DIIS = <class 'pyscf.scf.diis.CDIIS'>\n",
      "diis_start_cycle = 1\n",
      "diis_space = 8\n",
      "diis_damp = 0\n",
      "SCF conv_tol = 1e-09\n",
      "SCF conv_tol_grad = None\n",
      "SCF max_cycles = 50\n",
      "direct_scf = False\n",
      "chkfile to save SCF result = /tmp/tmplixhi4ss\n",
      "max_memory 20000 MB (current use 245 MB)\n",
      "Set gradient conv threshold to 3.16228e-05\n",
      "init E= -5.20656461294552\n",
      "  HOMO = -0.272308863434446  LUMO = 0.140772314856851\n",
      "cycle= 1 E= -5.20656461294556  delta_E= -4.62e-14  |g|= 9.49e-08  |ddm|= 4.95e-07\n",
      "  HOMO = -0.272308882285978  LUMO = 0.140772336432958\n",
      "Extra cycle  E= -5.20656461294557  delta_E= -8.88e-15  |g|= 4.4e-08  |ddm|= 2.27e-07\n",
      "converged SCF energy = -5.20656461294557\n"
     ]
    },
    {
     "data": {
      "text/plain": [
       "np.float64(-5.206564612945572)"
      ]
     },
     "execution_count": 39,
     "metadata": {},
     "output_type": "execute_result"
    }
   ],
   "source": [
    "# PM localization\n",
    "# orbocc = mf.mo_coeff[:,frozen:np.count_nonzero(mf.mo_occ)]\n",
    "lo_occ_pm = lo.PipekMezey(mol, mo_occ).kernel()\n",
    "lo_vir_pm = lo.PipekMezey(mol, mo_vir).kernel()\n",
    "lo_pm = np.hstack([lo_occ_pm,lo_vir_pm])\n",
    "dm_lo_pm = mf.make_rdm1(lo_pm, mf.mo_occ)\n",
    "mf.kernel(dm0=dm_lo_pm)\n",
    "# while True: # always performing jacobi sweep to avoid trapping in local minimum/saddle point\n",
    "#     lo_coeff1 = mlo.stability_jacobi()[1]\n",
    "#     if lo_coeff1 is lo_coeff_pm:\n",
    "#         break\n",
    "#     mlo = lo.PipekMezey(mf.mol, lo_coeff1).set(verbose=4)\n",
    "#     mlo.init_guess = None\n",
    "#     lo_coeff_pm = mlo.kernel()"
   ]
  },
  {
   "cell_type": "code",
   "execution_count": 40,
   "id": "0d236858",
   "metadata": {},
   "outputs": [
    {
     "name": "stdout",
     "output_type": "stream",
     "text": [
      "[[-5.08268567e-01 -1.04966569e-01  3.07239591e-02  3.07238894e-02\n",
      "  -1.04966674e-01  3.97653915e-14 -1.49139334e-08 -1.49139080e-08\n",
      "   3.66946423e-08  3.66947209e-08]\n",
      " [-1.04966569e-01 -5.07930850e-01 -1.08108438e-01 -1.31725427e-02\n",
      "   2.89078604e-02 -3.61034155e-08  9.42538862e-09  2.68859525e-08\n",
      "  -4.03467735e-09 -1.84308170e-08]\n",
      " [ 3.07239591e-02 -1.08108438e-01 -4.82561010e-01  7.35385832e-03\n",
      "  -1.31726901e-02  1.62636219e-08 -5.86557325e-09 -3.69076902e-09\n",
      "  -2.74736774e-08  1.01982367e-08]\n",
      " [ 3.07238894e-02 -1.31725427e-02  7.35385832e-03 -4.82560975e-01\n",
      "  -1.08108614e-01 -1.62636600e-08 -3.69076343e-09 -5.86558671e-09\n",
      "   1.01983023e-08 -2.74736020e-08]\n",
      " [-1.04966674e-01  2.89078604e-02 -1.31726901e-02 -1.08108614e-01\n",
      "  -5.07930580e-01  3.61034304e-08  2.68858957e-08  9.42533083e-09\n",
      "  -1.84308433e-08 -4.03480090e-09]\n",
      " [ 3.98127711e-14 -3.61034155e-08  1.62636219e-08 -1.62636601e-08\n",
      "   3.61034304e-08  6.25554735e-01  2.31424205e-02 -2.31428497e-02\n",
      "   2.45517607e-01 -2.45516861e-01]\n",
      " [-1.49139334e-08  9.42538861e-09 -5.86557324e-09 -3.69076344e-09\n",
      "   2.68858957e-08  2.31424205e-02  5.28362712e-01  8.08206525e-03\n",
      "  -1.46211148e-02  2.47314730e-01]\n",
      " [-1.49139080e-08  2.68859525e-08 -3.69076902e-09 -5.86558672e-09\n",
      "   9.42533082e-09 -2.31428497e-02  8.08206525e-03  5.28362541e-01\n",
      "   2.47314000e-01 -1.46203267e-02]\n",
      " [ 3.66946423e-08 -4.03467730e-09 -2.74736774e-08  1.01983023e-08\n",
      "  -1.84308433e-08  2.45517607e-01 -1.46211148e-02  2.47314000e-01\n",
      "   6.25063147e-01  1.97583929e-02]\n",
      " [ 3.66947208e-08 -1.84308170e-08  1.01982367e-08 -2.74736021e-08\n",
      "  -4.03480096e-09 -2.45516861e-01  2.47314730e-01 -1.46203267e-02\n",
      "   1.97583929e-02  6.25063545e-01]]\n"
     ]
    }
   ],
   "source": [
    "fock_pm = lo_pm.T @ fock_ao @ lo_pm\n",
    "print(fock_pm)"
   ]
  },
  {
   "cell_type": "code",
   "execution_count": 41,
   "id": "089a0202",
   "metadata": {},
   "outputs": [
    {
     "name": "stdout",
     "output_type": "stream",
     "text": [
      "0.10810861378434697\n",
      "3.669472091070644e-08\n",
      "0.2473147297388418\n"
     ]
    }
   ],
   "source": [
    "foo, fov, fvv = get_fock_ov(fock_pm, nocc)\n",
    "print(larg_offd(foo))\n",
    "print(np.max(np.abs(fov)))\n",
    "print(larg_offd(fvv))"
   ]
  },
  {
   "cell_type": "code",
   "execution_count": null,
   "id": "ad4dca5d",
   "metadata": {},
   "outputs": [],
   "source": [
    "mol = mycc.mol\n",
    "mf = mycc._scf\n",
    "frozen = mycc.frozen\n",
    "\n",
    "# IAO localization\n",
    "orbocc = mf.mo_coeff[:,frozen:np.count_nonzero(mf.mo_occ)]\n",
    "lo_coeff_iao = lo.iao.iao(mol, orbocc)\n",
    "lo_coeff_iao = lo.orth.vec_lowdin(lo_coeff_iao, mf.get_ovlp())\n",
    "moliao = lo.iao.reference_mol(mol)"
   ]
  }
 ],
 "metadata": {
  "kernelspec": {
   "display_name": "myafqmc",
   "language": "python",
   "name": "python3"
  },
  "language_info": {
   "codemirror_mode": {
    "name": "ipython",
    "version": 3
   },
   "file_extension": ".py",
   "mimetype": "text/x-python",
   "name": "python",
   "nbconvert_exporter": "python",
   "pygments_lexer": "ipython3",
   "version": "3.12.13"
  }
 },
 "nbformat": 4,
 "nbformat_minor": 5
}
